Speaker,Start Time,End Time,Duration,Text
Speaker 1,00:00:05,00:00:08,00:00:03,おはようございます。田中さん、今日はどのような症状でいらっしゃいましたか？
Speaker 2,00:00:08,00:00:15,00:00:07,実は、右上の奥歯が2週間ほど前から冷たいものを飲むとしみるんです。特に朝起きた時がひどくて。
Speaker 1,00:00:15,00:00:18,00:00:03,なるほど。冷たいものでしみるということですね。痛みはどの程度でしょうか？
Speaker 2,00:00:18,00:00:25,00:00:07,ズキズキするような痛みではなくて、キーンとしみる感じです。でも最近は何もしなくても少し違和感があります。
Speaker 1,00:00:25,00:00:29,00:00:04,分かりました。では診察させていただきますね。お口を大きく開けてください。
Speaker 1,00:00:35,00:00:42,00:00:07,右上の第一大臼歯に深いう蝕を認めますね。歯髄に近い部分まで進行しているようです。打診痛はありませんが、冷水痛が陽性です。
Speaker 2,00:00:42,00:00:45,00:00:03,やっぱり虫歯でしたか。どのくらい悪いんでしょうか？
Speaker 1,00:00:45,00:00:52,00:00:07,かなり深い虫歯ですが、神経はまだ生きているようです。ただし、放置すると神経まで達してしまう可能性があります。
Speaker 2,00:00:52,00:00:54,00:00:02,治療はどのようになりますか？
Speaker 1,00:00:54,00:01:01,00:00:07,虫歯の部分を削って、コンポジットレジンという白い詰め物で修復します。1回の治療で完了予定です。
Speaker 2,00:01:01,00:01:03,00:00:02,痛みはありますか？
Speaker 1,00:01:03,00:01:12,00:00:09,局所麻酔をしますので、治療中の痛みはほとんどありません。治療後も通常は痛みは出ませんが、万が一痛みが続く場合は神経の治療が必要になることもあります。
Speaker 2,00:01:12,00:01:15,00:00:03,分かりました。いつ頃治療していただけますか？
Speaker 1,00:01:15,00:01:19,00:00:04,来週の火曜日、2月2日の午前中はいかがでしょうか？
Speaker 2,00:01:19,00:01:21,00:00:02,はい、お願いします。
Speaker 1,00:01:21,00:01:28,00:00:07,それでは次回、CR充填を行います。治療時間は約1時間を予定しています。それまでは冷たいものは控えめにしてください。